S
1200
848,439,23
695,339,8
334,700,17
721,578,16
732,1037,9
187,579,21
687,217,20
994,993,6
1060,409,16
83,363,24
700,517,16
295,921,5
67,832,10
719,730,13
589,879,13
716,1094,18
1144,805,25
120,1112,8
249,111,23
1120,1021,12
666,441,8
359,1056,17
224,651,17
660,252,14
77,1063,12
657,286,12
466,796,8
201,416,25
111,947,20
1062,1177,13
8,961,12
238,317,14
1118,829,19
456,538,25
631,666,12
555,396,25
1069,1028,4
1177,415,9
16,411,12
46,1187,23
832,1000,25
193,41,10
546,276,22
1108,762,13
1069,82,22
1037,185,8
278,1101,22
1069,350,12
211,99,13
863,257,25
784,708,6
486,886,24
465,175,19
202,414,9
859,520,21
699,96,10
1049,516,10
63,1132,19
1173,1142,25
111,828,20
864,509,17
369,517,25
798,835,7
566,959,12
175,1090,8
912,970,17
920,932,25
788,982,19
212,1182,9
675,170,10
43,596,15
680,957,5
503,745,22
694,584,25
480,727,8
397,196,8
604,971,23
18,209,25
457,85,25
265,153,24
510,1039,23
981,803,17
780,1057,13
651,1023,9
821,493,25
901,691,12
1042,299,8
797,743,6
890,584,5
911,717,14
515,689,6
1157,1078,10
1060,875,15
41,645,8
843,1048,10
1033,385,17
214,959,19
397,745,7
899,984,15
139,137,13
848,309,15
434,747,21
494,310,4
527,762,24
918,875,5
722,503,10
11,1186,7
1046,142,17
223,789,23
735,859,16
851,931,12
832,902,25
467,37,5
1108,961,24
1118,1031,23
616,785,4
160,431,12
832,251,13
1088,1051,8
1070,257,14
421,844,6
925,280,24
896,1037,22
217,812,5
929,1064,16
469,255,7
93,98,12
494,840,10
431,1176,20
691,578,13
552,662,17
1028,1102,6
972,1100,11
413,969,17
543,942,16
498,451,17
904,609,18
168,59,22
357,866,22
304,1100,11
364,358,4
402,756,21
900,1076,10
108,470,25
1174,708,10
493,340,11
797,1099,16
249,835,11
66,657,13
386,359,21
489,787,12
822,446,23
698,743,25
833,389,21
249,227,22
579,707,24
434,667,10
1082,575,7
1127,190,6
1013,1188,5
324,64,6
721,345,8
992,420,22
83,1076,18
372,605,23
172,719,14
1043,501,13
1171,1156,16
952,699,9
360,402,12
857,127,22
458,436,8
16,282,12
1141,605,4
1160,21,19
807,66,23
836,402,8
1049,649,10
928,945,17
1136,802,20
528,690,14
514,678,19
890,774,22
479,1111,22
238,301,14
1007,832,14
1,725,8
576,505,8
879,436,4
1065,42,16
509,122,23
1169,1129,24
891,3,5
176,546,16
805,704,4
539,408,24
216,190,20
566,792,11
1053,666,18
683,285,19
1186,85,17
246,606,8
494,820,21
616,751,18
279,1081,21
656,1018,14
214,157,22
281,808,10
318,1024,9
913,719,18
632,794,24
537,836,24
267,10,25
376,1074,19
972,144,24
232,588,22
940,1114,18
794,804,12
145,928,5
508,942,8
826,769,5
380,76,5
840,471,7
477,916,23
131,1010,20
1010,468,15
1089,421,25
939,112,25
541,200,15
945,646,23
670,948,12
114,8,24
837,46,8
79,1003,11
911,936,12
779,574,7
1026,37,21
1199,644,15
273,710,22
486,591,5
599,971,9
310,208,16
423,628,23
31,1064,17
980,671,14
84,110,10
29,401,6
178,187,11
1111,459,12
547,586,13
601,156,5
272,1180,19
699,510,13
1088,356,24
318,669,12
500,174,23
837,615,6
853,243,22
1,508,11
941,863,10
435,930,13
246,48,10
557,347,12
783,459,9
419,251,17
597,825,12
124,348,19
220,931,6
264,322,20
844,584,8
1085,371,15
245,848,21
515,550,12
504,14,9
1109,906,16
75,142,11
1069,622,12
149,1042,24
653,630,13
753,535,15
790,87,23
360,1140,20
489,345,10
885,135,23
503,827,14
570,392,9
588,1193,22
264,614,12
700,36,16
1120,814,9
797,604,24
212,1115,19
927,284,23
788,1023,11
577,509,24
635,425,17
601,1113,15
108,934,11
947,855,17
959,233,16
995,48,9
659,722,5
133,222,17
1013,425,21
812,509,5
660,587,15
579,1189,22
853,113,8
484,514,14
25,129,22
910,205,21
1081,623,20
171,934,20
302,392,6
94,848,12
316,503,15
228,1009,5
647,197,7
504,45,7
369,657,17
708,1056,16
1017,591,21
974,820,4
40,292,10
969,143,13
373,506,14
1120,787,24
528,734,13
182,442,14
274,863,22
506,535,17
742,251,21
378,803,4
172,1147,10
350,978,9
943,543,7
92,863,15
1001,540,24
500,260,5
1028,763,25
1055,21,8
558,419,4
21,597,17
4,745,20
725,520,5
949,613,18
735,727,23
409,1101,10
567,553,24
200,64,19
974,334,14
211,1143,15
642,807,23
247,815,9
914,214,6
426,1101,14
928,1023,20
275,88,17
1134,800,9
26,754,5
364,1191,14
194,949,17
453,385,19
719,398,15
790,891,20
348,274,6
115,517,14
49,471,12
665,25,9
267,358,23
105,139,23
391,273,12
1129,450,17
726,654,6
743,284,5
1027,940,22
628,248,24
617,516,5
133,150,22
910,287,13
321,351,9
91,638,22
526,164,21
287,559,20
875,35,13
827,422,10
827,351,24
1092,139,16
368,650,12
341,462,18
53,884,10
684,1184,20
925,316,9
386,1172,5
691,466,19
217,711,25
786,867,10
853,471,9
362,111,8
868,687,23
294,223,6
673,414,8
1089,809,11
421,975,19
109,456,9
692,71,5
47,755,4
758,938,9
81,1009,24
97,834,20
73,884,21
999,893,17
115,585,12
1185,890,14
754,809,11
19,146,23
873,886,7
784,798,13
391,788,12
382,387,12
937,17,22
384,980,17
33,461,20
45,1143,19
296,720,12
1070,293,11
586,1153,24
221,328,15
763,983,5
29,781,19
1188,162,15
1032,353,23
1046,39,25
1166,476,25
802,40,23
327,1010,16
887,458,14
343,1094,17
502,823,17
443,398,24
936,286,9
485,609,14
1182,1097,21
1109,1058,5
409,111,6
269,1192,7
79,807,13
661,922,7
393,181,12
175,45,12
1097,834,10
462,30,9
1156,146,6
679,694,4
74,287,25
321,369,11
732,711,23
752,80,10
487,1078,15
1149,1068,13
521,125,23
1165,748,5
1151,1034,20
523,1074,19
442,426,18
586,721,10
136,697,16
608,678,5
582,155,24
542,343,9
350,830,4
1009,655,15
619,351,20
118,977,8
386,48,22
260,955,25
1005,951,19
675,690,16
1002,1134,14
116,1002,4
981,990,7
187,742,21
492,423,23
826,750,7
1101,361,7
360,909,6
57,215,24
588,502,7
586,553,4
1109,259,6
1142,177,23
927,516,20
720,1048,22
1064,938,20
482,589,14
844,177,5
903,242,25
1120,644,18
927,377,5
901,697,23
775,1134,16
1067,320,12
691,1157,12
802,759,18
754,1167,11
208,858,5
883,221,8
866,1084,21
397,977,16
858,1092,12
53,411,12
570,514,8
148,6,25
1119,88,20
491,739,8
194,447,24
913,830,4
269,855,7
73,688,8
83,912,13
170,941,4
1018,632,18
570,994,18
1049,326,13
518,166,13
985,414,8
881,1065,20
301,473,8
64,672,15
37,517,13
533,757,11
49,193,4
62,1018,19
960,1032,25
828,1021,10
488,798,22
1171,140,19
813,534,15
746,488,24
618,733,4
916,469,14
872,491,24
117,203,19
383,1055,18
835,250,4
562,28,6
507,1198,12
84,715,13
375,711,13
36,730,11
544,664,16
196,420,8
197,560,25
1114,921,11
458,852,4
1078,178,8
676,215,5
246,361,19
269,1095,17
807,360,15
1080,474,22
557,221,23
573,773,15
19,947,21
980,218,22
707,35,20
691,851,15
911,901,20
463,761,20
817,912,15
781,1014,25
569,554,6
716,1074,13
1116,930,15
847,677,19
127,902,14
885,1050,11
987,680,7
753,1148,13
640,1166,7
1027,505,5
255,932,17
601,550,12
616,712,19
274,110,6
485,964,4
510,440,5
228,219,9
914,66,23
536,575,7
653,143,18
40,1029,24
554,1171,9
489,1178,21
188,46,4
875,551,21
630,82,8
478,1110,25
833,507,17
186,533,10
315,905,22
716,806,24
15,612,9
217,128,10
1111,775,7
562,185,13
888,1100,4
695,1099,22
697,903,7
985,1192,21
643,930,25
1031,958,19
592,14,7
218,486,19
1062,949,20
431,990,6
1185,481,23
455,365,10
664,1189,12
428,293,9
610,16,23
15,232,5
58,1067,14
516,1016,13
653,650,8
948,886,5
487,308,18
813,705,25
322,858,9
597,675,10
272,731,4
965,1051,9
161,279,12
666,673,16
393,1079,7
461,346,23
358,893,22
1035,88,22
507,919,13
1161,529,22
647,488,9
915,591,17
123,12,5
1115,567,18
529,531,7
747,400,17
1057,930,8
293,72,19
1001,97,5
735,560,16
452,197,7
676,15,20
10,108,6
1039,167,5
748,882,23
195,492,11
1086,1173,15
249,568,20
281,689,20
577,979,17
513,879,20
241,624,24
644,295,6
121,518,6
178,905,6
238,538,22
1103,130,17
114,107,23
84,469,15
673,312,16
608,80,21
886,884,18
790,229,11
148,453,25
979,1093,24
727,655,20
229,799,24
422,831,17
413,1129,10
98,1137,25
559,48,13
643,63,18
79,700,23
301,1008,15
200,47,21
766,1010,4
592,222,25
133,992,22
759,492,6
302,196,19
531,164,5
1088,817,9
552,457,17
426,239,4
941,1043,20
367,398,13
312,1004,14
375,790,17
410,222,8
1113,495,14
4,533,11
880,853,18
844,846,4
708,1149,14
874,553,10
604,675,16
34,113,21
462,33,9
1112,452,20
512,940,5
1146,1135,15
556,1187,7
851,1132,5
617,810,13
599,60,23
126,1047,7
979,632,8
58,422,14
332,1108,25
428,643,25
936,52,23
102,1009,20
699,308,20
187,661,15
1128,85,15
83,397,14
950,36,9
579,566,21
817,1183,14
867,875,18
175,888,15
830,882,23
143,280,12
377,17,18
434,317,15
847,776,12
642,58,19
1003,347,24
653,551,4
364,1120,16
220,167,6
607,250,23
849,788,5
268,1193,8
700,1188,20
439,407,19
791,841,10
326,494,11
228,675,8
688,221,13
342,221,4
72,491,17
295,314,6
325,1141,25
202,1157,25
467,955,17
1011,136,11
839,881,25
194,1188,20
824,604,8
686,122,21
516,694,11
1090,969,20
286,108,9
953,744,15
365,1096,17
474,42,13
303,758,20
449,1165,21
999,121,16
545,436,22
111,121,8
915,911,11
541,304,8
784,567,21
296,949,20
750,1132,17
147,273,20
336,591,17
994,639,19
778,225,17
445,622,4
96,460,17
697,323,22
1089,1155,22
1018,1131,11
163,959,25
612,273,17
105,860,11
98,387,5
771,818,15
479,204,24
1182,157,5
1,1097,11
597,1140,17
658,372,14
140,372,22
373,161,21
557,342,22
152,212,9
958,492,19
830,81,4
260,46,19
701,276,21
1075,1094,16
232,622,6
1070,1083,6
640,223,10
545,495,6
56,889,16
896,1119,23
596,1139,15
786,492,9
539,768,20
333,21,16
1023,801,19
1,192,20
792,152,11
665,1026,15
232,917,11
384,286,24
20,426,17
890,1081,20
261,1071,7
75,1170,11
250,1081,24
720,742,14
95,623,6
579,495,22
417,534,13
482,924,10
1147,450,11
761,1099,16
56,316,12
1199,320,13
441,235,18
787,13,8
1003,966,21
969,479,15
611,207,23
714,457,7
1072,941,21
290,81,18
740,160,9
2,473,22
105,761,5
716,953,5
10,1084,21
904,976,24
1117,925,9
700,98,10
199,449,13
1149,817,17
2,1141,20
719,923,17
943,726,13
575,777,4
1104,83,11
591,910,22
425,1053,20
538,305,12
1055,1180,19
1073,603,17
418,958,16
278,1064,11
201,590,23
310,357,12
827,717,9
747,402,9
20,288,24
683,511,5
704,474,23
652,1185,17
514,366,15
168,851,22
430,811,16
342,1075,13
610,398,21
206,37,12
306,358,19
317,1122,11
110,548,11
822,985,23
886,290,13
563,533,23
257,1015,14
112,514,9
1184,1007,25
160,808,22
289,576,7
76,807,19
971,678,20
996,528,12
138,987,5
487,911,4
466,479,8
1169,338,15
501,312,25
690,26,22
740,679,6
951,482,8
614,794,5
1037,948,11
1173,1027,25
108,672,23
228,99,21
795,1110,8
231,1090,17
755,1136,5
957,604,6
116,342,7
1195,860,5
769,1108,6
1032,809,12
98,739,20
698,244,14
1103,383,24
896,469,10
262,1194,18
451,69,10
115,898,7
1076,169,17
103,152,20
1056,36,22
68,198,10
670,949,21
438,426,9
469,778,14
43,703,12
1139,5,10
891,467,20
522,975,8
893,712,5
119,306,21
1069,265,12
902,1050,15
1061,1067,25
608,917,21
918,922,17
731,921,12
798,953,13
89,362,20
282,304,18
244,406,12
450,190,15
677,810,18
565,293,16
914,508,5
906,893,5
106,982,10
829,919,23
1043,288,7
965,771,15
1059,795,10
889,846,10
422,567,12
920,929,12
963,649,18
701,179,9
1074,1128,16
462,41,11
795,680,11
120,99,19
372,1126,25
61,32,14
795,509,17
724,230,9
184,363,25
311,918,14
909,188,25
354,315,22
101,1089,11
905,103,5
1098,1150,12
327,1082,19
56,821,20
1173,1011,19
870,691,20
1174,26,21
21,392,23
1011,359,21
1031,892,6
987,796,15
812,862,21
603,430,16
411,215,19
464,513,19
1135,714,16
795,691,16
686,1043,6
1136,980,22
1100,287,9
54,90,14
484,1107,25
138,523,25
223,1179,8
1134,815,13
665,1121,8
240,3,12
190,1168,23
357,901,8
1069,911,17
457,757,21
357,88,15
557,366,17
23,876,9
24,1037,7
916,1060,4
1033,121,7
1051,841,5
448,412,14
349,923,8
908,545,20
950,1107,22
759,1132,15
591,317,9
1129,638,23
862,606,25
702,717,5
200,705,6
730,1084,9
28,345,13
394,1029,21
535,1167,17
720,106,14
497,183,16
266,729,8
1136,276,22
273,920,25
237,345,11
1035,124,21
345,510,21
181,266,19
223,670,14
101,945,13
718,849,20
353,553,17
163,102,5
1158,93,17
941,244,7
563,375,5
777,231,12
632,583,12
609,573,14
380,686,11
1163,315,8
259,177,24
1117,500,5
379,111,15
160,664,14
448,1101,4
469,441,23
1179,509,16
348,1003,10
938,1038,10
237,222,24
1140,427,18
51,801,24
1086,1,21
982,317,8
521,432,8
1144,426,11
904,807,20
803,1020,15
732,761,11
325,69,6
356,77,17
874,993,23
781,27,25
278,187,9
96,802,9
128,973,23
792,854,4
106,1024,14
144,775,10
728,862,25
453,184,8
364,86,5
431,357,15
252,91,11
561,194,12
40,1194,11
941,1014,24
256,91,9
334,845,24
332,193,18
1155,48,6
729,1113,25
383,331,14
823,827,23
41,1116,8
29,322,9
298,318,15
263,314,15
299,535,12
416,374,22
1110,81,10
461,687,14
1064,233,17
942,162,19
90,125,14
1092,516,7
1047,120,5
1101,969,13
405,277,8
296,304,12
729,290,13
990,277,19
1040,406,7
325,686,6
488,430,19
110,398,17
388,261,6
94,210,11
743,241,9
47,978,9
1141,21,18
846,993,16
967,1142,21
102,1099,16
614,998,5
1198,1166,4
540,662,22
832,699,9
196,173,8
956,619,10
528,948,12
1014,239,6
1048,1195,8
1067,920,10
115,659,8
528,456,24
858,1086,21
103,833,25
831,667,10
567,590,22
402,702,12
1196,90,19
508,544,16
263,487,25
85,786,12
1075,785,24
451,1119,25
79,662,18
708,589,6
336,325,24
568,33,7
1110,770,6
628,491,25
495,1072,19
554,670,12
611,500,8
505,376,4
411,934,13
956,30,18
12,608,21
473,1067,8
591,470,21
1037,39,14
1175,1128,14
96,389,16
51,526,25
227,747,23
490,1180,6
65,473,6
1086,276,13
336,698,24
254,1066,4
652,750,17
135,860,24
534,32,21
545,857,19
211,23,21
1182,1060,4
946,858,20
842,753,24
468,852,23
6,838,12
808,968,8
1119,7,6
1074,869,19
558,560,22
1174,481,25
940,332,20
587,128,7
732,1124,22
749,423,21
54,301,6
1177,672,22
602,44,24
1100,1155,25
701,795,25
6,672,8
419,909,13
199,1081,12
1061,295,8
1096,307,4
690,1171,21
171,619,18
356,1108,22
